test_loss: 0.4686758518218994
test_accuracy: 0.8760842680931091
performance_ratio: 23.020681622358108